1 0.001401223
5280 0.00033993500000000003
2 0.0006714280000000001
2640 0.000359989
3 0.000603894
1760 0.000295181
4 0.00042963500000000004
1320 0.00043759500000000004
5 0.00049737
1056 0.000312131
6 0.00046779400000000005
880 0.00031028800000000004
8 0.000543019
660 0.00037706100000000004
10 0.00040519700000000004
528 0.000404809
11 0.000399417
480 0.00037289800000000003
12 0.000508493
440 0.000359931
15 0.00038100700000000005
352 0.00034521000000000004
16 0.000364365
330 0.0005002440000000001
20 0.000716536
264 0.000513654
22 0.00045822800000000003
240 0.00032355000000000003
24 0.000370768
220 0.00036446300000000004
30 0.000381221
176 0.00042155100000000004
32 0.000401776
165 0.000370861
33 0.000357483
160 0.000304674
40 0.000406101
132 0.000407144
44 0.00036343700000000004
120 0.00031675800000000005
48 0.00033972
110 0.000345852
55 0.00041488800000000003
96 0.00033687500000000004
60 0.00036565100000000004
88 0.000349946
66 0.00034562300000000003
80 0.00032791900000000003
